-3.141592653589793116
-3.113667385557883804
-3.085742117525974493
-3.057816849494065181
-3.029891581462155870
-3.001966313430246558
-2.974041045398337246
-2.946115777366428379
-2.918190509334519067
-2.890265241302609756
-2.862339973270700444
-2.834414705238791132
-2.806489437206881821
-2.778564169174972509
-2.750638901143063197
-2.722713633111153886
-2.694788365079244574
-2.666863097047335707
-2.638937829015426395
-2.611012560983517083
-2.583087292951607772
-2.555162024919698460
-2.527236756887789149
-2.499311488855879837
-2.471386220823970525
-2.443460952792061214
-2.415535684760151902
-2.387610416728242591
-2.359685148696333279
-2.331759880664423967
-2.303834612632514656
-2.275909344600605788
-2.247984076568696477
-2.220058808536787165
-2.192133540504877853
-2.164208272472968542
-2.136283004441059230
-2.108357736409149918
-2.080432468377241051
-2.052507200345331739
-2.024581932313422428
-1.996656664281512894
-1.968731396249603582
-1.940806128217694271
-1.912880860185785181
-1.884955592153875870
-1.857030324121966558
-1.829105056090057246
-1.801179788058147935
-1.773254520026238623
-1.745329251994329534
-1.717403983962420222
-1.689478715930510910
-1.661553447898601599
-1.633628179866692287
-1.605702911834782975
-1.577777643802873886
-1.549852375770964574
-1.521927107739055263
-1.494001839707145951
-1.466076571675236639
-1.438151303643327328
-1.410226035611418238
-1.382300767579508927
-1.354375499547599615
-1.326450231515690303
-1.298524963483780992
-1.270599695451871902
-1.242674427419962591
-1.214749159388053279
-1.186823891356143967
-1.158898623324234656
-1.130973355292325344
-1.103048087260416033
-1.075122819228506721
-1.047197551196597409
-1.019272283164688542
-0.991347015132779230
-0.963421747100869919
-0.935496479068960607
-0.907571211037051295
-0.879645943005141984
-0.851720674973232672
-0.823795406941323360
-0.795870138909414049
-0.767944870877504737
-0.740019602845595426
-0.712094334813686114
-0.684169066781777246
-0.656243798749867935
-0.628318530717958623
-0.600393262686049312
-0.572467994654140000
-0.544542726622230688
-0.516617458590321377
-0.488692190558412065
-0.460766922526502753
-0.432841654494593442
-0.404916386462684130
-0.376991118430775263
-0.349065850398865951
-0.321140582366956640
-0.293215314335047328
-0.265290046303138016
-0.237364778271228705
-0.209439510239319393
-0.181514242207410081
-0.153588974175500770
-0.125663706143591458
-0.097738438111682147
-0.069813170079772835
-0.041887902047863967
-0.013962634015954656
0.013962634015954656
0.041887902047863967
0.069813170079773279
0.097738438111682591
0.125663706143591902
0.153588974175501214
0.181514242207410526
0.209439510239319837
0.237364778271229149
0.265290046303138460
0.293215314335047328
0.321140582366956640
0.349065850398865951
0.376991118430775263
0.404916386462684574
0.432841654494593886
0.460766922526503198
0.488692190558412509
0.516617458590321821
0.544542726622231132
0.572467994654140444
0.600393262686049312
0.628318530717958623
0.656243798749867935
0.684169066781777246
0.712094334813686558
0.740019602845595870
0.767944870877505181
0.795870138909414493
0.823795406941323805
0.851720674973233116
0.879645943005142428
0.907571211037051739
0.935496479068961051
0.963421747100870363
0.991347015132779674
1.019272283164688986
1.047197551196598297
1.075122819228507609
1.103048087260416033
1.130973355292325344
1.158898623324234656
1.186823891356143967
1.214749159388053279
1.242674427419962591
1.270599695451871902
1.298524963483781214
1.326450231515690525
1.354375499547599837
1.382300767579509149
1.410226035611418460
1.438151303643327772
1.466076571675237084
1.494001839707146395
1.521927107739055707
1.549852375770965018
1.577777643802874330
1.605702911834783642
1.633628179866692953
1.661553447898602265
1.689478715930511576
1.717403983962420888
1.745329251994329312
1.773254520026238623
1.801179788058147935
1.829105056090057246
1.857030324121966558
1.884955592153875870
1.912880860185785181
1.940806128217694493
1.968731396249603804
1.996656664281513116
2.024581932313422428
2.052507200345331739
2.080432468377241051
2.108357736409150363
2.136283004441059674
2.164208272472968986
2.192133540504878297
2.220058808536787609
2.247984076568696921
2.275909344600606232
2.303834612632515544
2.331759880664424855
2.359685148696334167
2.387610416728242591
2.415535684760151902
2.443460952792061214
2.471386220823970525
2.499311488855879837
2.527236756887789149
2.555162024919698460
2.583087292951607772
2.611012560983517083
2.638937829015426395
2.666863097047335707
2.694788365079245018
2.722713633111154330
2.750638901143063642
2.778564169174972953
2.806489437206882265
2.834414705238791576
2.862339973270700888
2.890265241302610200
2.918190509334519511
2.946115777366428823
2.974041045398338134
3.001966313430247446
3.029891581462156758
3.057816849494065181
3.085742117525974493
3.113667385557883804
3.141592653589793116
