0.090757121103702112
0.118682389135611410
0.146607657167520722
0.174532925199430006
0.202458193231339290
0.230383461263248601
0.258308729295157913
0.286233997327067224
0.314159265358976536
0.342084533390885792
0.370009801422795048
0.397935069454704360
0.425860337486613671
0.453785605518522983
0.481710873550432295
0.509636141582341606
0.537561409614250918
0.565486677646160119
0.593411945678069430
0.621337213709978742
0.649262481741888053
0.677187749773797365
0.705113017805706677
0.733038285837615988
0.760963553869525189
0.788888821901434500
0.816814089933343812
0.844739357965253124
0.872664625997162435
0.900589894029071747
0.928515162060981059
0.956440430092890259
0.984365698124799571
1.012290966156708993
1.040216234188618305
1.068141502220527617
1.096066770252436928
1.123992038284346240
1.151917306316255551
1.179842574348164863
1.207767842380074175
1.235693110411983486
1.263618378443892798
1.291543646475802110
1.319468914507711199
1.347394182539620511
1.375319450571529822
1.403244718603439134
1.431169986635348446
1.459095254667257757
1.487020522699167069
1.514945790731076380
1.542871058762985692
1.570796326794895004
1.598721594826804315
1.626646862858713627
1.654572130890622939
1.682497398922532250
1.710422666954441562
1.738347934986350651
1.766273203018259963
1.794198471050169275
1.822123739082078586
1.850049007113987898
1.877974275145897209
1.905899543177806521
1.933824811209715833
1.961750079241625144
1.989675347273534456
2.017600615305443768
2.045525883337353079
2.073451151369262391
2.101376419401171702
2.129301687433081014
2.157226955464990326
2.185152223496899637
2.213077491528808949
2.241002759560718260
2.268928027592627572
2.296853295624536884
2.324778563656446195
2.352703831688355507
2.380629099720264819
2.408554367752174130
2.436479635784082998
2.464404903815992309
2.492330171847901621
2.520255439879810933
2.548180707911720244
2.576105975943629556
2.604031243975538867
2.631956512007448179
2.659881780039357491
2.687807048071266802
2.715732316103176114
2.743657584135085425
2.771582852166994737
2.799508120198904049
2.827433388230813360
2.855358656262722672
2.883283924294631984
2.911209192326541295
2.939134460358450607
2.967059728390359918
2.994984996422269230
3.022910264454178542
3.050835532486087853
