68848648148568.164062500000000000
70777532400703.218750000000000000
72760456849097.296875000000000000
74798935500000.109375000000000000
76894524776511.078125000000000000
79048824706943.421875000000000000
81263480146480.031250000000000000
83540182033058.671875000000000000
85880668678436.828125000000000000
88286727095432.921875000000000000
90760194362349.296875000000000000
93302959025621.687500000000000000
95916962541765.078125000000000000
98604200759721.093750000000000000
101366725444728.218750000000000000
104206645844892.250000000000000000
107126130301642.734375000000000000
110127407905308.359375000000000000
113212770197079.390625000000000000
116384572918644.859375000000000000
119645237810856.062500000000000000
122997254462777.984375000000000000
126443182212545.062500000000000000
129985652101470.984375000000000000
133627368882910.031250000000000000
137371113087390.078125000000000000
141219743145612.093750000000000000
145176197570923.750000000000000000
149243497202937.718750000000000000
153424747514012.937500000000000000
157723140980344.656250000000000000
162141959519494.000000000000000000
166684576996202.968750000000000000
171354461798412.718750000000000000
176155179485458.718750000000000000
181090395510446.000000000000000000
186163878018907.906250000000000000
191379500725866.312500000000000000
196741245873498.093750000000000000
202253207271662.687500000000000000
207919593423621.281250000000000000
213744730739312.906250000000000000
219733066838668.593750000000000000
225889173947465.375000000000000000
232217752388319.031250000000000000
238723634169490.093750000000000000
245411786674218.062500000000000000
252287316453433.812500000000000000
259355473124721.500000000000000000
266621653380516.625000000000000000
274091405108596.875000000000000000
281770431628023.750000000000000000
289664596043739.937500000000000000
297779925723186.250000000000000000
306122616898326.625000000000000000
314699039396604.500000000000000000
323515741504455.062500000000000000
332579454967051.437500000000000000
341897100128148.875000000000000000
351475791213916.312500000000000000
361322841764801.437500000000000000
371445770219589.250000000000000000
381852305655879.312500000000000000
392550393691416.250000000000000000
403548202550740.000000000000000000
414854129301804.625000000000000000
426476806267320.125000000000000000
438425107615732.187500000000000000
450708156136826.375000000000000000
463335330207189.500000000000000000
476316270950802.750000000000000000
489660889600247.750000000000000000
503379375064163.187500000000000000
517482201706679.375000000000000000
531980137344838.312500000000000000
546884251470054.312500000000000000
562205923699913.437500000000000000
577956852466756.250000000000000000
594149063949704.000000000000000000
610794921256884.875000000000000000
627907133864954.500000000000000000
645498767323055.375000000000000000
663583253228645.375000000000000000
682174399482835.125000000000000000
701286400832995.250000000000000000
720933849710775.000000000000000000
741131747373739.250000000000000000
761895515359157.250000000000000000
783241007258678.000000000000000000
805184520822917.625000000000000000
827742810405115.250000000000000000
850933099753471.125000000000000000
874773095161849.750000000000000000
899280998988916.875000000000000000
924475523556064.500000000000000000
950375905434640.125000000000000000
977001920133515.500000000000000000
1004373897198114.375000000000000000
1032512735732466.125000000000000000
1061439920356121.500000000000000000
1091177537608160.375000000000000000
1121748292810703.375000000000000000
1153175527404952.250000000000000000
1185483236772884.250000000000000000
1218696088558243.000000000000000000
1252839441500859.500000000000000000
1287939364798554.000000000000000000
1324022658011573.000000000000000000
1361116871524632.750000000000000000
1399250327582231.750000000000000000
1438452141913343.000000000000000000
1478752245961853.750000000000000000
1520181409739915.250000000000000000
1562771265321513.500000000000000000
1606554330994249.250000000000000000
1651564036087752.000000000000000000
1697834746497750.500000000000000000
1745401790925119.250000000000000000
1794301487850160.500000000000000000
1844571173262548.000000000000000000
1896249229168159.500000000000000000
1949375112894633.000000000000000000
2003989387217819.500000000000000000
2060133751332405.500000000000000000
2117851072690147.250000000000000000
2177185419730109.000000000000000000
2238182095525866.000000000000000000
2300887672375457.000000000000000000
2365350027360258.500000000000000000
2431618378900249.000000000000000000
2499743324333334.000000000000000000
2569776878547503.500000000000000000
2641772513695412.500000000000000000
2715785200021430.000000000000000000
2791871447832698.500000000000000000
2870089350645972.500000000000000000
2950498629543269.500000000000000000
3033160678770309.500000000000000000
3118138612612239.500000000000000000
3205497313582856.500000000000000000
3295303481963808.000000000000000000
3387625686731716.500000000000000000
3482534417912072.000000000000000000
3580102140400006.000000000000000000
3680403349288683.500000000000000000
3783514626748031.500000000000000000
3889514700496882.500000000000000000
3998484503913310.000000000000000000
4110507237829006.000000000000000000
4225668434055056.000000000000000000
4344056020687176.500000000000000000
4465760389240856.500000000000000000
4590874463667231.000000000000000000
4719493771302519.000000000000000000
4851716515805371.000000000000000000
4987643652137316.000000000000000000
5127378963644215.000000000000000000
5271029141297087.000000000000000000
5418703865152965.000000000000000000
5570515888098172.000000000000000000
5726581121937395.000000000000000000
5887018725895036.000000000000000000
6051951197595851.000000000000000000
6221504466594529.000000000000000000
6395807990525836.000000000000000000
6574994853948098.000000000000000000
6759201869956346.000000000000000000
6948569684642070.000000000000000000
7143242884479587.000000000000000000
7343370106720987.000000000000000000
7549104152883872.000000000000000000
7760602105418876.000000000000000000
7978025447645240.000000000000000000
8201540187047072.000000000000000000
8431316982023647.000000000000000000
8667531272190770.000000000000000000
8910363412333011.000000000000000000
9159998810108166.000000000000000000
9416628067610312.000000000000000000
9680447126898612.000000000000000000
9951657419603310.000000000000000000
10230466020723462.000000000000000000
10517085806732822.000000000000000000
10811735618115966.000000000000000000
11114640426457730.000000000000000000
11426031506213858.000000000000000000
11746146611294440.000000000000000000
12075230156593748.000000000000000000
12413533404606678.000000000000000000
12761314657273092.000000000000000000
13118839453197008.000000000000000000
13486380770391040.000000000000000000
13864219234701474.000000000000000000
14252643334071678.000000000000000000
14651949638809344.000000000000000000
15062443028024322.000000000000000000
15484436922410494.000000000000000000
15918253523549228.000000000000000000
16364224059917792.000000000000000000
16822689039788882.000000000000000000
17293998511216588.000000000000000000
17778512329305644.000000000000000000
18276600430968552.000000000000000000
18788643117381024.000000000000000000
19315031344349512.000000000000000000
19856167020815012.000000000000000000
20412463315719244.000000000000000000
20984344973468016.000000000000000000
21572248638233492.000000000000000000
22176623187340680.000000000000000000
22797930073995712.000000000000000000
23436643679615304.000000000000000000
24093251676027196.000000000000000000
24768255397818964.000000000000000000
25462170225116932.000000000000000000
26175525977090860.000000000000000000
26908867316482324.000000000000000000
27662754165466648.000000000000000000
28437762133165544.000000000000000000
29234482955138088.000000000000000000
30053524945182584.000000000000000000
30895513459798268.000000000000000000
31761091375658492.000000000000000000
32650919580461148.000000000000000000
33565677477530664.000000000000000000
34506063504558268.000000000000000000
35472795666873044.000000000000000000
36466612085655688.000000000000000000
37488271561509928.000000000000000000
38538554153823168.000000000000000000
39618261776359968.000000000000000000
40728218809539192.000000000000000000
41869272729867544.000000000000000000
43042294757006200.000000000000000000
44248180518965776.000000000000000000
45487850735939200.000000000000000000
46762251923289856.000000000000000000
48072357114238072.000000000000000000
49419166602792928.000000000000000000
50803708707498344.000000000000000000
52227040556578200.000000000000000000
53690248895074792.000000000000000000
55194450914603840.000000000000000000
56740795106354464.000000000000000000
58330462137987320.000000000000000000
59964665755100224.000000000000000000
61644653707949096.000000000000000000
63371708704134296.000000000000000000
65147149387973448.000000000000000000
66972331347316904.000000000000000000
68848648148568392.000000000000000000
70777532400702952.000000000000000000
72760456849097280.000000000000000000
74798935500000096.000000000000000000
76894524776511056.000000000000000000
79048824706943408.000000000000000000
81263480146480000.000000000000000000
